# Fig. 6a from arXiv:1911.03947
# m [GeV] sigma*B*A [pb]
1799.2766726943955 0.09000895390054421
1905.0632911392422 0.09240900322225001
2000.0000000000016 0.07635845681990495
2103.074141048824 0.05641941404982867
2203.4358047016276 0.02718226951835348
2301.0849909584094 0.011865491000980579
2401.4466546112126 0.014171916062548572
2504.520795660037 0.018805535912662694
2602.169981916818 0.025118864315095874
2702.5316455696216 0.025451552912159007
2802.893309222423 0.023519526350709613
2903.254972875228 0.0189296618992063
3000.904159132008 0.021450062968364242
3101.265822784811 0.01648704628438751
3201.6274864376146 0.009487304880762729
3301.989150090418 0.007149665346119849
3399.6383363471964 0.006650543567537091
3497.2875226039796 0.0067831054934062995
3600.3616636528027 0.0076862461003977455
3703.435804701629 0.008427801259276764
3801.0849909584094 0.008317637711026709
3901.446654611211 0.007788047137249819
3999.095840867994 0.007244359600749906
4099.457504520797 0.005111771456150696
4199.819168173599 0.0025451552912158955
4300.180831826403 0.0016705410149459613
4403.2549728752265 0.0018805535912662654
4500.904159132008 0.0025284661441454977
4598.553345388789 0.0030599496872071963
4698.9150090415915 0.0030599496872072023
4801.989150090416 0.003019951720402019
4905.063291139241 0.002865120269663811
5000 0.002682695795279722
5100.361663652802 0.002275845926074791
5200.723327305605 0.0015036364920323858
5301.0849909584085 0.000986928554096035
5401.446654611213 0.0007388757761684026
5499.0958408679935 0.0005986084693840038
5602.169981916816 0.000521366181472806
5699.819168173599 0.0004913925540405735
5800.180831826402 0.0004631421268721324
5900.542495479203 0.00043651583224016475
5998.191681735986 0.0004141358785742311
6101.265822784811 0.0003903269800077044
6201.627486437613 0.00036069727153262965
6299.276672694392 0.00033551681133178567
6402.350813743219 0.0002960932939627102
6497.287522603979 0.00025788647827168184
6600.361663652802 0.00022758459260747912
6700.723327305605 0.00019562689932014907
6798.372513562389 0.00017492711874398422
6898.73417721519 0.00017378008287493728
7001.808318264018 0.00019054607179632481
7102.169981916817 0.00020892961308540238
7199.819168173597 0.0002116967963063654
7302.89330922242 0.00021309410153667825
7397.83001808318 0.00020619860095022022
7500.904159132007 0.00019562689932014587
7601.265822784806 0.00019054607179632443
7698.915009041593 0.00017841385264956354
7801.989150090418 0.000152355151321933
7896.925858951175 0.00013182567385564074
7997.287522603975 0.00012589254117941636
8100.361663652804 0.00012262285643518383
8198.010849909582 0.00011633604243505965
8295.66003616636 0.00010964781961431918
8398.734177215187 0.00010609973170854326
8499.095840867989 0.00009804570449334607
8602.169981916817 0.0000906030582245338
8697.106690777571 0.0000906030582245338
