# "Quark-Quark" from Fig. 4 from arXiv:1010.0203
# m [GeV] sigma*B*A [pb]
497.5570032573291 127.54470753654306
596.9055374592834 192.34024805369788
696.2540716612378 93.28971496225684
796.4169381107492 71.32042805903882
894.9511400651468 57.761609323274925
995.9283387622149 22.530727004928337
1095.2768729641696 17.559130821451276
1201.14006514658 17.684018628717435
1300.4885993485345 11.298647683595256
1397.3941368078179 7.265214985968723
1498.3713355048865 3.9801487317348947
1596.091205211727 3.162077266268486
1697.882736156352 3.3305978381111476
1796.4169381107497 3.007901725947195
1896.579804560261 2.933656258263353
1996.7426710097727 2.9167869521403964
2096.0912052117264 2.7374627823565247
2195.4397394136813 2.4407614570115137
2296.41693811075 2.190232823059882
2398.208469055375 1.8792060184793973
2497.5570032573296 1.7636723629035604
2597.719869706841 1.655250359280741